5.1627 2.0243
4.3093 1.5470
3.7513 1.3042
3.1206 1.2382
2.7733 1.1511
2.4881 1.0931
2.2494 1.0531
2.0928 1.0027
1.9523 0.9646
1.7981 0.9499
1.6774 0.9316
1.5606 0.9228
1.4728 0.9067
1.3918 0.8945
1.3250 0.8799
1.2350 0.8877
1.2155 0.8511
1.1615 0.8432
1.1212 0.8292
1.1022 0.8029
6.6704 1.7831
4.8163 1.5752
3.7112 1.5003
3.0416 1.4457
2.6642 1.3637
2.3517 1.3161
2.0977 1.2852
1.7966 1.3292
1.6925 1.2663
1.5860 1.2256
1.5141 1.1746
1.4234 1.1514
1.3784 1.1026
1.2317 1.0129
20.5507 2.3048
9.6404 2.1404
6.3008 2.0890
5.4025 1.7880
4.7080 1.6204
4.0775 1.5458
3.6718 1.4624
3.2796 1.4262
2.9523 1.4033
2.7575 1.3484
2.6109 1.2916
2.4917 1.2383
2.4475 1.1618
2.3222 1.0584
2.3486 1.1227
2.2272 1.0335
2.1267 1.0178
1.9182 0.9570
12.1792 3.5934
7.7391 2.4636
6.3151 1.9259
5.0417 1.7704
4.1575 1.6955
3.5861 1.6241
2.9694 1.6710
2.6803 1.6125
2.4524 1.5610
2.2368 1.5359
2.0095 1.5507
1.8468 1.5437
1.7030 1.5428
1.6065 1.5166
1.5240 1.4903
1.4148 1.5034
1.3325 1.5010
1.2623 1.4951
1.2272 1.4560
1.2052 1.4075
1.1856 1.3618
1.1651 1.3220
1.1410 1.2906
1.1225 1.2566
1.1016 1.2288
20.8740 2.8737
10.1549 2.5734
8.7488 1.9054
6.7123 1.8226
5.7253 1.6875
4.8434 1.6481
4.3671 1.5573
3.8330 1.5454
3.3378 1.5720
3.1298 1.5045
2.9628 1.4416
2.8387 1.3765
2.7392 1.3147
2.6597 1.2555
2.5580 1.2169
2.5071 1.1628
2.4282 1.1289
2.3186 1.1157
2.0982 1.0547
2.0395 1.0351
1.9010 0.9759
8.4966 2.7727
4.3976 2.3338
3.7212 1.7593
3.3332 1.4414
2.8877 1.3140
2.5608 1.2243
2.3150 1.1537
2.1343 1.0900
1.8858 1.0927
1.7809 1.0384
1.6550 1.0135
1.5909 0.9646
1.5037 0.9405
1.4706 0.8918
6.4126 3.0002
5.1714 2.3732
4.2044 2.1422
3.6124 1.9690
3.3276 1.7661
3.2209 1.5545
2.9571 1.4748
2.6955 1.4331
2.3733 1.4607
2.1801 1.4423
1.8802 1.3076
1.8621 1.2307
1.7935 1.1967
1.7461 1.1558
1.6575 1.1490
1.5726 1.1464
1.4809 1.1558
1.4016 1.1623
1.3594 1.1433
4.0535 2.1089
3.2730 1.6661
2.8234 1.4174
2.5317 1.2484
2.1731 1.2016
1.9617 1.1340
1.7838 1.0863
1.6019 1.0715
1.5276 1.0084
1.4812 0.9433
1.3930 0.9176
1.3295 0.8861
1.2324 0.8863
1.1811 0.8621
1.1341 0.8409
1.0614 0.8449
1.0250 0.8256
6.9969 2.6152
5.7076 2.0450
4.7881 1.7891
3.8820 1.7427
3.2645 1.7122
2.7128 1.7554
2.4267 1.7092
2.2256 1.6507
1.9039 1.5708
1.8780 1.4569
2.0446 1.6126
1.8092 1.3937
1.7015 1.3742
1.5919 1.3692
1.5482 1.3185
1.5169 1.2654
1.4601 1.2405
1.3643 1.1357
5.7900 2.4610
4.8531 1.8729
4.2161 1.5822
3.4235 1.5388
3.1254 1.3927
2.8414 1.3050
2.6602 1.2142
2.3905 1.1968
2.2124 1.1606
1.9679 1.1834
1.8753 1.1362
1.7145 1.1452
1.6484 1.1045
1.5411 1.1014
1.4873 1.0688
1.3964 1.0704
1.3417 1.0513
1.2956 1.0306
1.2758 0.9937
10.9964 4.1141
6.7233 2.9314
5.7459 2.1880
4.7512 1.9419
4.0130 1.8157
3.4712 1.7344
3.1169 1.6455
2.4069 1.6441
2.1912 1.6207
2.0607 1.5631
1.9439 1.5161
1.8045 1.5051
1.5898 1.4767
1.5525 1.4162
2.6238 1.7027
1.3878 1.3308
1.3595 1.2898
1.3516 1.2348
1.3225 1.2039
1.2863 1.1834
1.2691 1.1489
9.8925 3.6423
6.8272 2.2992
5.6846 1.7614
4.9924 1.4719
4.3687 1.3284
3.9049 1.2279
3.4885 1.1710
3.1435 1.1319
2.8644 1.1003
2.6867 1.0528
2.4964 1.0277
2.4424 0.9610
2.3315 0.9278
2.2108 0.9073
2.0815 0.8983
2.0029 0.8743
1.9104 0.8619
1.7932 0.8665
1.6981 0.8662
1.6297 0.8569
1.5642 0.8498
1.4857 0.8535
3.6347 3.3405
2.9836 2.5958
2.4521 2.3180
2.1638 2.0745
1.9144 1.9373
1.7541 1.8013
1.6688 1.6492
1.6104 1.5138
1.5170 1.4422
1.4098 1.4075
1.3166 1.3789
1.2483 1.3403
1.1660 1.3306
1.1434 1.2649
1.0988 1.2327
1.0819 1.1772
1.0509 1.1437
6.4788 2.8046
3.6223 2.1853
3.1880 1.5839
2.7821 1.3320
2.5299 1.1568
2.2308 1.0839
2.0419 1.0089
1.9071 0.9409
1.7809 0.8925
1.6675 0.8554
1.5484 0.8355
1.4862 0.7964
1.3327 0.7075
1.1750 0.6669
14.8029 3.5513
8.9973 2.5454
6.9099 2.1142
6.1385 1.7466
5.3999 1.5680
4.8398 1.4455
4.3779 1.3614
4.0386 1.2854
3.7034 1.2416
3.3930 1.2162
3.2205 1.1622
2.9560 1.1585
2.8020 1.1263
2.6373 1.1096
2.5153 1.0846
2.3456 1.0892
2.2471 1.0691
2.1657 1.0467
2.1344 1.0055
1.9065 0.9704
1.8124 0.9759
1.7244 0.9826
1.6895 0.9623
9.0169 3.3766
4.8482 2.7359
3.8695 2.1865
3.3321 1.8635
2.9594 1.6570
2.6147 1.5496
2.2553 1.5305
2.0973 1.4335
1.9045 1.3983
1.7463 1.3687
1.6328 1.3277
1.5697 1.2635
1.4687 1.2445
1.2775 1.2368
1.3458 1.2593
1.2503 1.1835
1.1569 1.0744
1.1168 1.0566
1.0774 1.0425
1.0112 1.0596
15.0971 2.9675
7.8640 2.4818
4.1213 2.2170
3.5139 2.0535
3.1222 1.9095
2.7876 1.8221
2.5884 1.7092
2.3267 1.6842
2.1302 1.6509
1.9897 1.6032
1.8406 1.5855
1.7662 1.5228
1.6883 1.4772
1.5707 1.4801
1.4535 1.4979
1.4129 1.4490
1.3570 1.4237
1.3129 1.3931
1.2685 1.3688
1.2242 1.3500
1.1929 1.3217
1.1738 1.2842
1.1463 1.2596
1.1122 1.2458
1.0865 1.2258
7.8083 2.0806
6.1893 1.9263
5.0865 1.8511
4.4112 1.7636
3.8403 1.7259
3.4515 1.6726
3.0676 1.6669
2.7364 1.6771
2.5975 1.6025
2.5597 1.4877
2.4327 1.4427
2.2816 1.4264
2.1106 1.4374
1.9715 1.4411
1.8402 1.4518
1.7990 1.4014
1.7756 1.3441
1.7192 1.3179
1.6730 1.2298
1.7003 1.2684
1.6112 1.2209
1.5650 1.2040
1.4967 1.2080
4.7864 2.5903
4.1620 1.9002
3.7706 1.5393
3.3913 1.3516
3.0823 1.2287
2.7644 1.1671
2.5374 1.1075
2.3493 1.0596
2.2165 1.0079
2.0549 0.9861
1.9380 0.9566
1.8445 0.9262
1.7598 0.9002
1.6659 0.8865
1.5845 0.8729
1.5234 0.8537
1.4582 0.8416
1.3993 0.8303
1.3811 0.7986
1.3524 0.7763
8.2475 3.4506
3.9951 2.1692
3.2890 1.6807
2.7952 1.4514
2.4391 1.3136
2.1645 1.2230
1.9362 1.1648
1.7587 1.1170
1.6128 1.0788
1.4680 1.0637
1.3370 1.0593
1.2233 1.0593
1.1413 1.0464
1.0590 1.0456
6.6110 2.8430
4.9159 1.6657
3.8348 1.3620
3.1140 1.2310
2.5668 1.1794
2.2680 1.1028
2.0680 1.0304
1.8362 1.0108
1.6814 0.9778
1.5007 0.9831
1.3642 0.9810
1.2682 0.9654
1.2202 0.9247
1.1488 0.9108
14.1688 3.0035
7.1213 2.6034
6.1323 1.9285
4.8021 1.8074
3.9833 1.7207
3.3947 1.6682
3.0120 1.6018
2.6678 1.5752
2.5337 1.4691
2.4411 1.3685
2.2454 1.3494
2.0544 1.3494
1.9013 1.3436
1.7839 1.3280
1.6390 1.3474
1.5320 1.3500
1.5023 1.2945
1.4653 1.2524
1.4166 1.2264
1.3711 1.2029
1.3349 1.1760
1.3215 1.1334
10.4050 2.4978
23.1254 2.5797
7.6372 2.1707
6.5530 1.8567
5.5501 1.7312
4.7320 1.6777
4.2404 1.5950
3.7221 1.5828
3.3057 1.5785
3.0432 1.5389
2.8798 1.4750
2.6436 1.4700
2.4755 1.4467
2.3599 1.4072
2.1390 1.4473
2.0777 1.3954
1.9995 1.3635
1.9236 1.3374
1.8654 1.3056
1.7432 1.3264
1.6975 1.2965
1.6614 1.2637
1.6173 1.1889
1.6241 1.2359
1.5662 1.1781
13.9740 3.0726
7.4560 2.5087
6.0291 1.9790
4.8360 1.8107
3.9457 1.7526
3.2426 1.7621
2.8904 1.6841
2.4969 1.6981
2.3193 1.6193
2.1563 1.5631
2.1244 1.4390
2.0039 1.3957
1.8782 1.3723
1.7486 1.3669
1.6528 1.3481
1.5692 1.3297
1.4854 1.3209
1.4488 1.2780
1.4103 1.2428
1.3432 1.2389
1.2459 1.1595
1.1741 1.1786
1.1374 1.1675
11.7993 3.1136
8.2653 1.9364
6.6277 1.5404
5.7824 1.2958
4.8801 1.2125
4.3532 1.1231
3.8313 1.0871
3.4594 1.0487
3.1852 1.0089
2.8740 1.0035
2.7090 0.9656
2.4689 0.9693
2.4302 0.9075
2.2859 0.8947
2.1734 0.8772
2.1027 0.8492
1.9756 0.8498
1.8742 0.8453
1.7731 0.8459
1.6746 0.8503
1.6307 0.8311
1.5697 0.8237
12.0669 3.8224
6.4338 3.1232
5.4930 2.3335
4.6160 2.0379
4.1342 1.7969
3.6289 1.6915
3.3124 1.5787
2.8899 1.5761
2.7391 1.4729
2.5854 1.4004
2.4260 1.3537
2.3422 1.2828
2.1948 1.2616
2.0924 1.2271
1.9355 1.2367
1.8596 1.2054
1.7395 1.2117
1.6656 1.1942
1.5534 1.2122
1.5033 1.1892
1.4796 1.1499
1.4250 1.1392
1.4007 1.1080
1.3703 1.0849
1.3418 1.0631
9.7486 3.1069
4.7332 2.7878
3.8733 2.1731
3.1543 1.9583
2.7819 1.7536
2.4718 1.6307
2.2522 1.5247
2.0452 1.4625
1.8278 1.4495
1.6853 1.4108
1.6214 1.3300
1.4633 1.3483
1.4045 1.2946
1.3296 1.2681
1.2324 1.2754
1.2021 1.2245
1.1537 1.1998
1.1126 1.1740
1.0650 1.1611
1.0534 1.1144
1.0212 1.0942
6.7831 2.3980
5.7579 1.8020
5.0982 1.4936
4.3293 1.3890
3.8679 1.2846
3.4611 1.2230
3.2492 1.1347
3.0024 1.0877
2.7120 1.0807
2.4761 1.0736
2.2317 1.0898
2.1948 1.0212
2.0343 1.0217
1.9923 0.9725
1.8834 0.9635
1.7926 0.9518
1.7118 0.8904
7.4084 2.7179
5.5611 2.3096
4.8319 1.9508
4.3525 1.7103
3.6550 1.6828
3.3188 1.5789
3.0424 1.5002
2.8482 1.4194
2.6788 1.3544
2.2957 1.2087
2.1089 1.2200
2.0187 1.1881
1.8669 1.2032
1.8387 1.1487
1.7816 1.1187
1.7588 1.0728
1.6906 1.0596
1.6086 1.0600
4.5319 2.8584
3.7328 2.2137
3.0176 2.0097
2.5512 1.8772
2.3334 1.6959
2.1451 1.5716
1.9541 1.5027
1.7907 1.4525
1.5518 1.3644
1.4105 1.3733
1.3323 1.3398
1.2720 1.3013
1.2109 1.2744
1.0948 1.1713
1.0738 1.1305
1.0089 1.1423
3.8912 2.2191
3.1952 1.7239
2.7028 1.4957
2.3724 1.3457
2.0983 1.2571
1.8580 1.2095
1.6899 1.1583
1.5500 1.1186
1.4537 1.0704
1.3214 1.0680
1.2252 1.0538
1.1798 1.0086
1.1305 0.9760
1.0753 0.9566
1.0380 0.9280
1.0205 0.8876
9.4106 2.7314
7.2958 2.2474
6.0797 1.9793
5.1421 1.8481
4.3918 1.7878
3.8865 1.7211
3.4669 1.6806
3.1558 1.6354
2.7820 1.6649
2.5673 1.6364
2.4501 1.5687
2.0771 1.4741
1.9623 1.4613
1.8872 1.4288
1.8523 1.3737
1.7710 1.2913
1.6285 1.2191
11.7817 2.3756
6.8295 1.7854
5.0126 1.5517
3.6912 1.5464
3.0597 1.4733
2.7207 1.3690
2.2300 1.0978
2.0652 1.0639
1.9913 1.0008
1.9072 0.9560
1.8135 0.9265
1.7310 0.9001
1.6994 0.8547
1.5921 0.8543
1.4929 0.8568
6.0481 2.3355
4.9103 1.8350
4.2215 1.5664
3.6718 1.4223
3.3190 1.3000
2.8254 1.3011
2.5598 1.2508
2.3784 1.1924
2.1716 1.1721
2.0214 1.1420
1.8967 1.1136
1.7890 1.0880
1.7023 1.0603
1.5490 0.9566
1.4764 0.9471
1.4079 0.9402
1.3416 0.9367
1.2718 0.9404
3.8356 2.6944
3.3382 1.9748
6.9557 3.4105
2.9199 1.6569
2.6037 1.4674
2.3712 1.3313
2.1707 1.2390
2.0048 1.1685
1.8582 1.1166
1.7117 1.0880
1.6116 1.0480
1.5357 1.0062
1.4647 0.9723
1.4053 0.9397
1.3159 0.9355
1.2581 0.9164
1.1509 0.8414
1.0914 0.8424
1.0314 0.8485
1.0064 0.8296
5.9393 3.3165
4.8002 2.6176
4.1749 2.2087
3.4984 2.0816
3.0973 1.9426
2.8408 1.8045
2.5334 1.7625
2.3724 1.6670
2.2093 1.6065
2.1076 1.5274
1.9871 1.3660
1.8615 1.3521
1.7899 1.3109
1.7303 1.2699
1.6476 1.1834
1.5670 1.1779
1.4840 1.1808
1.4028 1.1890
1.3587 1.1711
